MobileNetV2:
1204224
22880256
29202432
25740288
15466752
10988544
10988544
7564032
10311168
10311168
10311168
12719616
22692096
22692096
15607872
15476160
15476160
23002560
20070400
1280000
*********
MAC=303985536
FLOPS=607971072
variable_num=3506153
*********


MobileNetV3_Small:
5419008
4465664
5475456
3932544
3029376
4939200
4939200
4374720
3415104
4417056
6124608
6124608
2709504
737280
1280000
*********
MAC=61383328
FLOPS=122766656
variable_num=4309281
*********


MobileNetV3_Large:
5419008
8228864
19468288
12870144
9088128
9878400
9878400
12465600
6624800
6094816
6094816
18910080
30688896
20843424
16228800
16228800
7526400
1228800
1280000
*********
MAC=219046464
FLOPS=438092928
variable_num=10011041
*********





